{
  "benchmark": {
    "alpha": 0.0,
    "annual_return_ratio": 0.7992359154145334,
    "annual_volatility": 0.7801497811404426,
    "beta": 0.9999999999999999,
    "daily_winning_ratio": 0.5308641975308642,
    "kurtosis": 10.938890358101503,
    "sharpe_ratio": 1.1026492029577084,
    "skew": -0.15629611648501285,
    "sortino_ratio": 1.6285234550371839
  },
  "strategy": {
    "alpha": 2.203864821411849,
    "annual_return_ratio": 3.0236417967782847,
    "annual_volatility": 0.797951703550748,
    "beta": 0.5841830225677914,
    "daily_winning_ratio": 0.5413393191170969,
    "kurtosis": 7.8755978272662155,
    "sharpe_ratio": 2.091291525285236,
    "skew": 1.0264535560360826,
    "sortino_ratio": 3.576473155154672
  }
}